0.0,10.521930670749814,6.296662181398318,11.214647832857153,6.398048793237523,13.398273106807961,11.177910810414431,7.772373913382539,23.10145479624449,16.118616752774358,19.34361713514772,18.066204785048356,4.948354833187146,12.897837893231127,18.164220022867752,1.0082614967803736,15.433678319854515,13.104322153299082,1.5045539754437036,11.092657478463362,16.100452890893656,18.55490322892475,2.4747269107638252,10.977613240751387,6.4412392203981685,5.4206301827381855,15.507584608847399,13.159895414260909,16.356079110546077,16.92026964104264,4.9347229354393765,16.66922656865288,18.276080390454368,11.750274954308038,9.943439607173614,5.358973151809424,12.97008235766447,1.9562076747972514,16.878172675830903,7.397333163531221,22.95846037062482,8.1442064768869,4.946406722278322,16.07514604259724,11.92777973981781,4.370558020987701,1.6402443519547896,3.6842492818310038,10.044419231648249,11.712008456864956,1.8229338107785236,10.049078892841981,11.049973484227317,15.321633734331598,7.2276850064317415,10.973644309814816,14.611498967345726,16.780956546200237,5.938426329633737,10.380684504588283,3.1826807505222225,3.496106355924687,16.448919583934366,12.784423482645964,14.417263148828056,12.987869677739914,12.452507489740794,11.951079087127978,11.608262307402244,20.20175818452344,17.536508038306962,7.753251270255693,20.28731387572673,15.339561486415988,16.28305980662606,17.27081011780158,16.2251218877533,14.179435504933387,17.12501794677283,12.7217856006799,4.9166954248588475,17.162841135527174,17.904002040476684,13.49292035641741,14.067250231526655,15.842737587945038,12.012274448090414,18.879947699747103,12.051785917264226,17.797196768727687,14.6558683252957,5.879061245178094,6.510036213162098,11.335003150755487,16.48026031467036,20.93442871893567,1.8241353898394577,2.743147794103929,16.384373121182062,14.69033658763233
10.521930670749814,0.0,6.267463541856872,3.0934790234390137,5.238751631278972,2.912560916566567,2.0396045160507743,4.440948249871909,12.74749338260705,6.041301286553167,8.872674895247066,9.519811495833698,9.439406264257881,2.8813606939796013,7.672992932987876,10.549629675746301,4.913666713017622,7.5426609536064495,10.851893366139898,4.208127947463452,5.591660612537721,8.598866790512087,10.230965186497574,11.941129805960669,10.16701198726043,7.83054465512233,8.82546165282039,4.500110111812702,14.726445551873203,10.863290166203894,7.298261703993465,13.290240899935926,7.801532479490873,1.4105336730750364,3.833549027368987,6.319718118732261,5.091579277762198,8.949556122314863,8.9603297064633,10.329841996019114,13.028372975744514,5.329143907008824,9.847410834586453,7.05708084600251,2.4566894662240806,7.109216435246622,9.191514589156537,7.378383187052977,9.098910125556369,2.0400944975762347,9.726285903999711,3.2987752685452083,7.62650836252848,11.981931541495797,4.749296232991399,1.02099426593155,11.893171184225524,6.260209692436692,4.842870774258426,3.283714805506047,8.963894018943677,10.174598231079278,10.278461907110739,3.49836171006484,7.677245891020403,5.877749663174279,9.141001658688868,4.485868510620525,7.343808610330434,9.683376074579582,7.0150809594491745,4.900696180377845,9.765799984043504,8.596385346221258,9.888133127995053,7.005734799463072,5.736069048710345,5.626284126149007,7.957428402930879,11.956319902287268,7.873512372073319,8.726105206826611,11.540648451080914,3.6266898461714194,8.460524444881266,5.807586002566763,1.5582037541167106,8.569911913310932,7.976523253299376,8.676293930155033,6.070212122483376,6.669751606479506,5.5286963079817655,3.411407743632458,13.605246283291397,11.056828183715611,11.923818442504658,9.300783949852127,6.703891779037895,8.97939309129283
6.296662181398318,6.267463541856872,0.0,5.515465539850359,1.1473895989761447,9.020597363674643,7.878767506226154,6.655949191679097,17.625075874971223,10.612954369688152,14.795522214588907,11.881001228777288,3.2470987871943726,9.139876933962292,13.57391927743196,6.882509201734555,10.773463943850372,12.247402216707753,7.3841625488084,5.04689984889756,11.499149113760549,12.84404588247328,4.811287211241338,6.788772249947366,3.9220849579843087,1.6104302181218464,9.210933554219396,7.274229898189564,11.270353706783741,16.067659737365357,1.445811529363582,10.953809435656133,13.74268296826985,6.991717386818025,3.9869806531746477,5.98176513069416,10.693611131421774,5.792443766634598,10.629790331900427,4.227173548143803,17.113298759949796,7.697298983892077,3.6545162580615123,13.20253592725225,8.526767558422856,5.8480474947879895,5.82933686207994,2.6836455497728644,4.608395901559032,6.525714574545016,4.736061376669844,4.273585586863473,11.145782450089241,9.544275222476257,1.5384980631958702,7.1454585699363315,8.98775352307757,12.048168865600667,2.3286262131516526,4.595867977250643,6.846430929699024,4.356401470952874,10.179400065158214,7.185926586127857,12.97998445192683,6.773125611339329,6.4695101006455,5.901673634560632,11.304391235947973,15.232655198533637,12.75916742396856,7.024454268405096,15.368731084089173,9.043299732260035,9.997914204343045,13.186026906848584,11.70612906045042,11.564403963942913,14.155740026960828,7.748733730624463,7.15637336554168,10.980623665795521,11.639500256095236,8.082347668451968,7.795170784545105,10.32372710006536,7.782771279551945,14.69585675515341,11.931024474977523,14.87613315383148,12.044676788673035,0.4895083326885274,6.368563058114599,8.79280791859947,10.919422035531685,15.102954037696932,8.100056739788084,6.854854285807122,10.62009367672782,13.901039842646771
11.214647832857153,3.0934790234390137,5.515465539850359,0.0,4.918947817646491,4.443254595267143,5.069777621431835,7.011313686729741,12.116638344695886,5.097598610779781,9.573436239961868,7.15862702467665,8.6984221661957,5.27236478288746,8.367979260725965,11.51328933468749,5.672542549387887,10.622785756292169,11.920920459497733,1.2312772599703181,6.391526003066365,7.388488208899647,10.227115574766433,9.641257308584862,8.953868309813602,7.088946040601605,5.82498364425569,1.9852414818572879,11.783881377067283,13.819067011103098,6.895815168537511,10.224901309583663,8.566201932508662,2.5328677642050357,1.613945821217555,8.251418507376306,8.043949278333246,10.045057944615307,6.29468012722715,8.83589360002829,11.752410686960156,8.047857589954287,9.094836088168975,9.468955335589758,5.304981144735654,8.791839683685751,10.214983658128858,7.609643814262433,6.749702352611627,1.5592936141611422,9.974306568602232,1.2419474753572002,10.670914337334407,8.942827630854428,4.122267799891045,4.0195410228471244,8.918230346190352,6.814955825713511,5.316750758526751,0.9234958822235573,10.489754540280012,9.864538298666279,7.247699235595742,1.6711488456279575,10.655986115460934,2.820784207522891,6.239248054300965,1.4015733323618054,10.424065700542148,9.800586740869104,7.469383648911681,7.502791266408156,9.953653149591757,5.598058648126798,6.876318555944374,8.36823642676117,6.648348095255817,8.360287641590753,10.216657050905042,9.282916335145474,9.836393559470567,6.28289842883887,8.564231602023677,2.610573179987778,5.3670721636337975,4.808516059062064,3.771057517015969,9.713274208851415,11.061019988535786,10.906014125598567,8.75042360166416,6.002154916295907,7.780767228304677,6.481474466863503,10.56870494513255,9.72869964125281,12.867841018247681,10.719268676383118,5.1858510254967145,12.02015806420442
6.398048793237523,5.238751631278972,1.1473895989761447,4.918947817646491,0.0,8.060047061957942,6.769217065400159,5.5632913215257815,17.00714063337442,9.976312143346853,13.915531263897329,11.672020653172671,4.200670004986135,8.088691515181951,12.695496683818027,6.8329067183413335,9.888653368510465,11.10828988349257,7.296026407786224,4.695093087895383,10.608106992884482,12.307375333770617,5.3244465257117595,7.851671031660087,5.034846910307938,2.600593486619188,9.287217501462088,6.806941509093334,12.106715574798518,14.92213415680899,2.0941162262766215,11.588632972865263,12.853734879170737,6.079036183875014,3.550430136821719,5.129472080321669,9.553685038760268,5.54385450692767,10.514779409706188,5.373218583965223,16.654414518620797,6.626920337450117,4.60878865258603,12.1014948141898,7.432441283332211,5.149696053287953,5.64173508324845,2.725832000650635,5.498171910619425,5.72580316449048,5.058952705091457,3.7035316349992042,10.055418371839204,10.169780957251517,0.8296988436659777,6.0751742002739775,9.68857953080849,11.190167918887365,1.3035604883410195,4.03713593536301,6.393545674839366,5.060677625324394,10.379661833149648,6.559632982541283,11.8325949447978,6.615675475471953,7.0412823765310675,5.554550241907189,10.190466252722404,14.450866783019562,11.916464268586227,5.950824503708247,14.574741004263453,9.10138611883615,10.15338531440613,12.214711967101879,10.799965802168837,10.440690086916552,13.06595321731756,8.66548771428411,6.438875539103698,10.76880655972922,11.840248589214971,7.3863489237217586,8.014857959066184,9.690518942687843,6.778822840935445,13.749320794321454,10.821500576831609,13.785797869163762,10.922945596365329,1.4561360092607336,5.382766696073938,7.652858846764941,11.616593758424276,14.63287809482167,8.1348514026147,6.479301881440575,10.100518554741909,12.759370288655846
13.398273106807961,2.912560916566567,9.020597363674643,4.443254595267143,8.060047061957942,0.0,2.8017836240550777,6.651465712344829,10.157554170443643,4.14769022404421,5.962435845891148,8.528084158835041,12.244691248595482,1.424243636634125,4.7690578120217895,13.376767715074672,2.074265986741609,7.5141003262596815,13.650429800269482,5.656390467327655,2.7055072381777054,6.566601158161304,13.139566519853346,14.061415958286007,12.848198405751928,10.61651601459753,8.999593809725413,4.6253768142219815,16.019963298254464,9.997382987239916,10.145201215161732,14.192228851915209,4.891476644158462,2.078097942323978,5.843651890263087,8.889953750753588,4.5579794745292945,11.764662710327055,8.439574701555477,12.906917637528775,10.812501436505396,7.247152261585018,12.653852445021851,5.112088305311561,2.314596790712027,9.770293561558091,12.0201332316125,10.289257960725969,11.168281056881792,2.8934041330736404,12.638559602630474,5.313556286857796,8.476479765387358,13.027334673976313,7.482307995379271,2.489780779805075,13.137870649374367,3.4112966502476096,7.751535406942541,5.1315304426042365,11.640644941592507,13.058381999637165,10.471057873681517,3.56503167513136,7.021947051919945,6.5278142040485445,10.58145633699782,5.471366038333931,7.944365537564112,6.866778742640056,4.1678893859868955,7.0236037412116605,6.928415099641253,8.78049172481255,10.032732917761908,4.165818271801307,2.82954341621651,4.370472204928454,5.792156345576978,13.709550966737693,10.360127644369223,7.911292302302755,11.493539338729319,2.8647364438689698,9.193624415473057,4.015303669523411,1.3862065906795356,5.689794514912747,8.480330212555764,6.471858589047627,4.656325031073085,9.452731842218599,7.936125358545383,3.8649699854640067,14.635198772966532,8.95490518730641,14.743262100888844,12.012301919294211,5.1824707926886395,8.558511612594613
11.177910810414431,2.0396045160507743,7.878767506226154,5.069777621431835,6.769217065400159,2.8017836240550777,0.0,3.9250533984943914,12.918950490469213,6.830463072315982,8.329152158082781,10.889823140541926,10.901106222351597,1.780237834689289,7.222688906422399,11.023270089352074,4.789839919278662,5.564695294519382,11.2391664485082,6.226418167052571,5.311597739147357,9.321690623919284,11.309086446719391,13.89210571211586,11.7986012340755,9.354849228029906,10.643762711625836,6.20180295461896,16.764477276332357,8.824076823241278,8.708183935369624,15.293479649382302,7.290296671172066,2.810586959827028,5.866732591123214,6.296147603557699,3.0585731832124172,9.408176679866298,10.535180709668593,12.059568252026919,13.610184447965013,4.449145428259552,11.30099515191312,5.335333416335192,0.7501462828143894,7.237466249788266,9.68770246380381,8.475805672791882,11.078920758317274,3.7709639431240265,10.685658895745249,5.335759549493391,5.960163726486367,13.999416995161644,6.436395782973118,1.050520258860287,13.926947761588902,6.062037094344115,6.062040034461828,5.322465753613747,9.09345270120562,11.412518973910235,12.115944477067021,5.112851027617883,5.637645931247704,7.779907167398645,11.179768646538319,6.432780314529537,5.557105902003247,9.492243422821105,6.798895098009954,4.2611294141438725,9.522482885711865,10.415004765834421,11.708341690678505,6.116659371312523,5.3478903783568965,3.7106503139066893,6.31670683734471,13.979677300114439,7.685966294035261,10.169972986045485,13.314686194686931,4.895799429904191,10.413929082220152,6.657198743410623,1.8010469703888685,7.728316526460171,6.161028051379429,7.033914851079332,4.181190612098448,8.225187045462844,5.261074032519663,1.4286406915188345,15.624317448211341,11.735055622966799,12.360118253454619,9.497837771290534,7.741844102957159,6.954892536661357
7.772373913382539,4.440948249871909,6.655949191679097,7.011313686729741,5.5632913215257815,6.651465712344829,3.9250533984943914,3.371747880871523e-7,16.808604718088784,10.407992778391254,12.218755055660095,13.915561888959727,8.915053624246264,5.692577336959853,11.135948712769128,7.429730169380316,8.693074906117479,5.7935280275315995,7.563052393465332,7.774221251640164,9.234722271400928,12.960099887407932,8.507164859329498,13.414466147639045,10.190872665291232,7.680446758448168,12.800961516202538,8.77603968837523,17.394762928834247,9.700556500873953,6.834765079796223,16.476798732408465,11.19393685426433,5.834563925822536,6.879042334209823,2.501796878312508,5.197830236771146,5.863770207036231,13.244108191078956,10.736528271059429,17.3472281032719,1.1209838038829065,9.263766757252696,8.32280660361196,4.611217790046945,3.5032646855977285,6.1692488259928595,5.969496029182141,10.95759357426795,6.417956295324496,7.725937978879836,6.528052428707327,4.492371963130648,15.079173790035847,5.745227326241196,4.243842683102315,14.766855407217276,9.982832332631007,4.332989234731236,6.71497857584793,5.2860061604486495,8.89919920615555,14.178915999564317,7.870922532065119,6.845953761453587,9.778860510913104,11.980061815571226,8.35527939356075,4.67111600753556,13.417284000544925,10.722627356917291,0.49290230220111164,13.446770828941322,12.577372086858507,13.833981364489743,9.923123848201607,9.272643866667398,6.418346759636115,9.374705222922072,14.110846066392588,3.770671079443735,13.095805658962089,15.542319063485605,8.067229628700229,12.075145413880087,10.19202881284804,5.398592559786251,11.522347448118143,5.285679934759748,10.036334170401195,6.890061688541731,6.790653768993609,1.372376272513367,3.6478069323592432,16.64055023862535,15.411405229046448,8.699377926493254,5.723547628116291,11.136389298934432,7.464267339222544
23.10145479624449,12.74749338260705,17.625075874971223,12.116638344695886,17.00714063337442,10.157554170443643,12.918950490469213,16.808604718088784,0.0,7.030831833040918,5.635256546759812,7.788678857130977,20.755320299159507,11.229081732992153,6.1836164589437095,23.235741456763513,8.129585383414973,16.140947672069554,23.56764295374463,12.684975924135669,7.663742730661326,4.894854985421064,22.330596384384243,19.986766243479103,20.790471173177046,19.175628115452838,11.299091172986726,10.417111486466435,19.023718622356178,16.64040482210014,19.012281123592338,16.409408169873867,6.25901021132486,11.409629619148575,13.650248840035442,19.006818190918473,13.451319726580332,21.65821105779563,9.217547988570743,20.464789381244394,2.720672883119731,17.35635071934656,21.140755742704524,11.380081872917838,12.310025957975222,19.843718580051522,21.883683282028997,19.63393943209161,17.483116149948128,11.39288458881782,22.02545387047494,13.357079298039409,17.893506882590657,16.005485267555937,16.23000537511336,12.611226942784256,16.66616664943126,6.906763309111228,17.180286945709646,13.03115319908737,21.706016425164403,21.97924489012715,11.987059978105991,10.453980815103789,14.899335833938435,11.588372842479703,15.414055533482053,11.890115104919241,17.19115389797455,3.8092636005118887,6.22383167733311,17.173263728539464,3.9211563849054265,11.24435008632565,11.644852279707848,7.957350260846445,7.701031498228234,12.446521405550707,10.937789149305033,18.589582596429803,20.505933194954604,8.296934565700214,11.77811740289801,9.63763660038026,12.819152736281259,7.3168554485497825,11.456013597037911,6.978458065399094,17.557225636110537,10.995608789504923,12.31797184624022,18.11341200616481,18.08763633953238,13.698581382223834,17.12908063403004,3.3943707375415557,24.613247576097294,22.048130857122437,7.08508602518256,16.390622101246713
16.118616752774358,6.041301286553167,10.612954369688152,5.097598610779781,9.976312143346853,4.14769022404421,6.830463072315982,10.407992778391254,7.030831833040918,0.0,5.338027697759546,4.6703532373187695,13.779352848820459,5.551931809781448,4.3449954486175,16.304227902040196,3.0033889987395286,11.558070611821112,16.66253919632109,5.777212898707551,3.2859451557292862,2.5581429133555664,15.299950334846177,13.775086037580786,13.92582322717443,12.18047909422142,6.361307284916125,3.5612152957799212,14.24314275269733,13.572114251952554,11.988022763918584,11.976677678864815,4.593272797178208,4.634434158948218,6.661850967288226,12.352997055757521,8.5819075664738,14.754233834923525,5.045388580081478,13.693487550467594,6.992430013330909,11.164775116939522,14.171493045563523,8.141415165864293,6.44480891557351,13.105671443505752,14.963317316990661,12.611475920155057,11.032289924105017,4.420500605319511,15.000014415385568,6.339546083322543,12.624165849930105,11.089813913593305,9.201236634686106,6.194554238496837,11.475791497320673,3.094494860057173,10.182729026181907,6.01771594967875,14.935902745532042,14.961074739441413,7.6655734666193425,3.4286264078465982,10.855924566241113,5.172867098012228,9.475905753320296,5.055869747810612,12.084939538752952,4.96720315778395,3.3546669912524774,10.836760398198459,5.163756083929655,6.19090883565298,7.217468544570552,5.350294081785686,3.581681902554363,8.106527164688508,8.397832034390841,12.794656305243493,13.913857664063988,4.269091096334566,8.323162693339496,2.62569689525865,7.2712300242662,0.29012886875938265,5.080054296860487,6.043122281182936,12.60881010798805,8.902421669832037,8.252547611807389,11.099753526823719,11.562523619144992,8.005109234297711,12.564659126175275,5.015885339064761,17.678965588990266,15.242078895599324,1.221867099147808,12.43503324323699
19.34361713514772,8.872674895247066,14.795522214588907,9.573436239961868,13.915531263897329,5.962435845891148,8.329152158082781,12.218755055660095,5.635256546759812,5.338027697759546,0.0,9.174095469328455,18.04247811879579,6.549320869995273,1.221608282190751,19.282191853401375,4.027090488086878,10.619203813611005,19.529336060146434,10.570153869098679,3.308784854151936,5.468267592496513,19.083605493835414,18.92634948577218,18.481299652380773,16.40573476195212,11.62490186578042,8.609221935444936,19.567649683207016,11.028856195588862,16.00964250422924,17.246935931432677,1.0711427893836372,7.8379631211489045,11.17494146170537,14.62528965304327,8.109800712945043,17.66532767169836,10.034659480851534,18.40676844993506,7.57154799029079,12.54639660699847,18.4500379366638,5.760799262859303,7.6133512343073635,15.5615205737861,17.930867163511166,16.24034978772101,16.102313183980097,8.292777456133166,18.59831209237047,10.719622673860034,12.53520073875594,16.41141135722639,13.268067818940155,8.374380242793867,16.81305613042152,2.7636078687836854,13.700446651711859,10.452348020918162,17.421476583911833,18.959762647672875,12.835816930439563,8.043654839320634,9.30507590027116,10.420400394940494,14.765824105323844,10.01472173153898,11.791795787992248,1.8787353201223624,2.1220106876215876,12.501439711827315,1.722657949784621,11.470408567800177,12.398655368508704,2.4645160893238467,3.1378657926661524,6.988054537019141,5.3084970516883825,18.081590178844195,15.989277520750536,9.121365740370969,13.27196484415166,7.02590905005997,12.609082033840526,5.556394804925267,7.342155381539781,1.3774204109208423,12.099461380441042,5.415022774622276,6.796145945862776,15.25239430937249,13.57597842259602,8.746121851629667,17.85858807178684,6.565037401622752,20.637953807790584,17.82120505808108,6.318522422051191,10.771265042110755
18.066204785048356,9.519811495833698,11.881001228777288,7.15862702467665,11.672020653172671,8.528084158835041,10.889823140541926,13.915561888959727,7.788678857130977,4.6703532373187695,9.174095469328455,0.0,14.58577180150099,9.948534926472828,8.505224095529726,18.485711696987973,7.673376255406456,16.042120653455427,18.927953553165246,6.992082131783408,7.91994554682574,3.7655920265383442,16.663949701603084,12.54666316622132,14.215744322867964,13.198049755239667,3.6280148948634476,5.207276344049533,11.247770992148421,18.234697833869106,13.323790197217727,8.662187012174554,8.750651053766557,8.209470236174992,8.152198342626619,15.393504040542087,13.079830666320325,17.095489658612063,1.518549135543264,13.686213167372435,6.036561560648499,14.847189455512744,14.92076525961008,12.809265737731497,10.678219380910937,15.950366603369986,17.23807557729788,14.383374499711204,10.356581530800355,7.500922770343678,16.61093462782348,8.141943744515094,16.844121793795935,8.217433556674667,10.843737282694622,10.033484466216699,8.895154685223089,7.5977408103745026,12.350995629840776,7.829207350969228,17.631597691308635,16.064716709756723,4.2008803053772175,6.044658160632784,15.457951423543843,5.108473427363109,7.950358789009171,6.147367803404837,16.389470747732442,7.999317589398336,7.621691867083245,14.391149846114633,8.251070211562762,3.6260817816217945,3.8573190185290605,9.860386820449758,8.202792751504694,12.720865978559774,13.027584781868143,10.947796086687577,16.982518562255596,0.9033661970551096,4.198993411705278,6.0009964830091675,5.294713843980568,4.676453371557863,9.093226345386496,10.218377218035432,16.95685778235744,13.496003616970771,12.894807544330538,12.350134554508262,14.844659216488648,12.221259195095962,9.367714545312147,4.418337926305503,19.80408987226242,17.842289012485505,3.46026626680854,17.02592604528243
4.948354833187146,9.439406264257881,3.2470987871943726,8.6984221661957,4.200670004986135,12.244691248595482,10.901106222351597,8.915053624246264,20.755320299159507,13.779352848820459,18.04247811879579,14.58577180150099,2.384185791015625e-7,12.282812481990604,16.820870451832626,5.86160641782442,14.019699799505915,14.702723771446186,6.398834186257013,8.079691418195761,14.744926175094347,15.921958688217117,2.5931424169378627,6.048142937780036,1.5769540536226336,1.636745816613047,11.527095048142474,10.345927256741396,11.410788128377312,18.601025662374795,2.1977334230294483,11.84710401376778,16.989013496101897,10.231318790266402,7.117603940733277,7.408443701063198,13.535677941647663,5.53628142680882,13.219673100594564,2.487120539095946,20.090939228937085,9.790331137890421,0.40916446476623064,16.23314370458419,11.589139152663556,6.837605255478922,5.394861076011215,3.053933908859368,5.28087694617286,9.769834337999987,3.133027901996016,7.463990879630687,13.227706462200265,10.544979268841317,4.777592799463944,10.261507426018486,9.780558302736674,15.295081718902539,4.8858499206546835,7.7749669362509,6.9774971348503545,1.655860836809995,12.22171136636088,10.367048043730604,15.636266406323308,9.538477170165612,7.886713623511255,8.9014857001207,13.539061520941186,18.46314810216622,16.00484996188758,9.16839141348901,18.60311420166186,11.397807171034271,12.136734618104558,16.406106115740375,14.949776955615471,14.511826678953982,17.21680821171654,7.782284013421695,8.02815097013235,13.70451861146463,13.631107461910386,11.29217538552706,9.91158820996751,13.489273455655752,10.97779872143424,17.92870139684046,14.12118129150174,17.93470792462606,14.999731896373111,2.7948495849386554,8.197755766080345,11.651606911478256,11.607191679525085,18.102940017585563,6.684489985591262,6.763228779777081,13.697640348058146,16.374348673608324
12.897837893231127,2.8813606939796013,9.139876933962292,5.27236478288746,8.088691515181951,1.424243636634125,1.780237834689289,5.692577336959853,11.229081732992153,5.551931809781448,6.549320869995273,9.948534926472828,12.282812481990604,0.0,5.445150566463013,12.775584368349982,3.122869680477283,6.0961244643015915,13.00290119630519,6.5026002355430705,3.5769914089091857,7.917916352333632,12.898834173201971,14.689715799633058,13.046333322157565,10.688048568124783,10.276714848601717,5.833570350563919,17.030336640436808,8.726307919144455,10.117609307488983,15.322758340997305,5.510308013534456,2.739547946903149,6.458119992102038,8.076194770175833,3.1549969326359033,11.158667650274184,9.823470598108331,13.20836860465602,12.074554830046377,6.137138960443776,12.68911852689283,4.250375605285614,1.0897455521783874,9.014177917712345,11.433267016192955,10.045387469369054,11.813930791494181,3.7382023802434445,12.318614346330946,5.910419638771455,7.084971849334123,14.108797762122782,7.628457290342528,2.0316450945561306,14.153676144617997,4.333708806090939,7.557100004874455,5.7973832819601805,10.872394115487994,12.928961181368594,11.755343590264946,4.733252249770962,5.675717323624265,7.65656950654735,11.509386885941577,6.471670544802391,6.5330300150206915,7.735656770959708,5.056078799065111,6.0075373441740885,7.75814938735499,10.053610847840671,11.323647102452046,4.3729785857157255,3.5893682958143085,3.1327771353302394,5.1001693573527005,14.524816260060167,9.459715634434124,9.32025517538669,12.82694217150773,4.178691683354261,10.33903003704824,5.430516653544378,1.522981191750276,5.9827413783987256,7.06114501064318,5.81544624351598,3.4913677290376595,9.53186254190955,7.037564912081293,2.5277993328802775,15.72882912778515,10.266756123735346,14.119815160136989,11.274402023305209,6.605078497671159,7.186119278464511
18.164220022867752,7.672992932987876,13.57391927743196,8.367979260725965,12.695496683818027,4.7690578120217895,7.222688906422399,11.135948712769128,6.1836164589437095,4.3449954486175,1.221608282190751,8.505224095529726,16.820870451832626,5.445150566463013,0.0,18.121619781388254,2.8068721863552617,9.95990016498552,18.378802960092404,9.382984613834637,2.0924021552727163,4.9501868002334355,17.872523447748733,17.7734645137904,17.26429637067705,15.18412732838535,10.698303420978899,7.47033715373781,18.581233928322657,10.782063464052124,14.789568815028707,16.318610813731944,0.2506878429317093,6.619070417768589,9.96539607483107,13.511863577138033,7.291007944948971,16.506022228783102,9.229179198447962,17.197251456398156,7.761825623115332,11.51868031922581,17.22843535933733,5.312351615457575,6.525039495276787,14.43496134150433,16.767722331245928,15.032254440991034,14.935849482908493,7.073122216199011,17.395003846080073,9.505589098470043,11.737502438745073,15.430529864794426,12.046530905488936,7.208148086416062,15.79522273059118,1.5530539191855246,12.492261119828811,9.241314325445002,16.300004577815937,17.74168745827898,11.966134999272263,6.8594738392595325,8.758333042712922,9.319577967474084,13.672792826553415,8.850258053102621,11.021510953556394,2.4139468234363104,0.9972197370363749,11.438236721366478,2.377793183801837,10.53214081548046,11.522270727727317,1.8259408196242517,1.9396384591914655,6.2629203291631885,5.077533048028622,16.98168249829029,14.904550361150156,8.351645696928966,12.50097424750373,5.8403638900563,11.590644726043026,4.534445735856677,6.153429313118899,1.726502717147363,11.376084546366743,5.343622288787669,6.1426839329804235,14.030838215665147,12.482632620666028,7.742591362104964,16.90960357286211,6.468164776496108,19.48199976484026,16.692055479540635,5.420799268633864,10.283338416257163
1.0082614967803736,10.549629675746301,6.882509201734555,11.51328933468749,6.8329067183413335,13.376767715074672,11.023270089352074,7.429730169380316,23.235741456763513,16.304227902040196,19.282191853401375,18.485711696987973,5.86160641782442,12.775584368349982,18.121619781388254,0.0,15.435178772400159,12.533842425738364,0.5396285585421423,11.493894411955234,16.08178173291667,18.780838778117197,3.459539156514137,11.907547483506447,7.384097082943463,6.176550961954866,16.06399611643109,13.483509840724773,17.24382707773436,16.296350763679147,5.597983976765174,17.47124531980411,18.220896595297944,11.835521743904406,10.334713668126064,4.945055287308271,12.606982659996465,1.6174021221299004,17.347619863938327,8.332714780629466,23.209119241803826,7.673335995871818,5.889417698075688,15.751309364519674,11.768541293414017,3.9364005031598683,1.3582430881860643,4.204552711195889,10.849470565312105,11.883852699410284,2.733206512949649,10.390321063749164,10.395607411742022,16.107717795205453,7.654210215364456,10.913481388456901,15.422230402364034,16.78143933543297,6.196659649650448,10.717151625311788,2.4403960645370857,4.472152645136072,17.061820232486888,13.032127509782768,13.90422068729118,13.448356840232966,13.182096368132173,12.34338593819507,10.993978440046188,20.22446028349858,17.538682851300024,7.349959684230961,20.298018529228383,15.887841194720524,16.87582212950449,17.139153144784334,16.18855711405393,13.844631786811439,16.803343308046603,13.603297890202262,4.244178024131892,17.583653571313782,18.522008219283023,13.684270617450377,14.677616218598272,16.034403623893905,11.993243816193205,18.750892644423296,11.403855966324258,17.460211748499425,14.312264953205517,6.500515864996385,6.106259954546697,11.054472583589327,17.30783888773847,21.187877262809078,1.37752784423647,1.9645374373816835,16.641174457824707,14.085127271740072
15.433678319854515,4.913666713017622,10.773463943850372,5.672542549387887,9.888653368510465,2.074265986741609,4.789839919278662,8.693074906117479,8.129585383414973,3.0033889987395286,4.027090488086878,7.673376255406456,14.019699799505915,3.122869680477283,2.8068721863552617,15.435178772400159,0.0,8.752417945023979,15.71596055891613,6.764386922601539,0.7287624884069026,4.992670249163153,15.07593383457405,15.234325355730503,14.493541061879153,12.383119550334564,8.979710432479196,5.101897196552853,16.54835688256674,10.572959770721262,11.98273984119488,14.478132547814369,2.969330387050568,3.812778145786868,7.240783929225502,10.961392625513815,5.805792926719578,13.82570383170265,7.950021906578081,14.459002910663655,8.981161076002588,9.228484346004691,14.427659291728872,5.146892869605928,4.189921403331548,11.84453682905552,14.077532984552278,12.241807885549596,12.361510139437664,4.298703170035693,14.613032053224936,6.759621956220466,10.085200045609255,13.446078794814843,9.24349681846505,4.564046004440851,13.694697502377162,1.3475285392778238,9.702845764361987,6.512131802934283,13.714892283936415,14.935585441912934,10.382663069243973,4.2960228763482275,7.9228329706027765,7.0482797604197005,11.356763402820402,6.33632807772751,9.467310169187368,4.795036062571608,2.104183714492655,9.04767418173465,4.862894377863575,8.782185383708072,9.931921952118302,2.7908527191035435,0.9766603906808122,5.175103923796247,5.473267273444657,14.616951611723854,12.421679964302744,7.236714753597967,11.189093000406569,3.303987402740532,9.552420687662002,3.014483614798611,3.4451925405715422,4.041009624951293,9.936466858145854,6.031842386388571,5.281493544006586,11.227925438469027,9.994984253922626,5.638140095008061,15.001915718228888,7.233024648715516,16.804324589436277,14.086163274910861,4.216809875829553,9.507549754993564
13.104322153299082,7.5426609536064495,12.247402216707753,10.622785756292169,11.10828988349257,7.5141003262596815,5.564695294519382,5.7935280275315995,16.140947672069554,11.558070611821112,10.619203813611005,16.042120653455427,14.702723771446186,6.0961244643015915,9.95990016498552,12.533842425738364,8.752417945023979,0.0,12.507475400404084,11.749158910671875,8.878682713436117,13.74506869626528,14.20373046451526,18.836945349004,15.940033533661571,13.4158360959285,16.174232128696787,11.709049765999628,22.197874609851606,3.910345525211648,12.593688741911812,20.832750394262582,9.883211895855057,8.333889461128837,11.25502873532089,7.813370545781576,2.9763018280272826,11.149404088619674,15.894038373699834,16.42973034175395,17.545411841318817,5.050289587782721,15.0552091013054,4.984602698854468,5.498659548750301,8.755392503234383,11.465257668537406,11.75892197134436,16.171019733640907,9.32355735464191,13.377332930739046,10.754566282595627,2.4307816235209665,19.518442291143735,11.085274982889212,6.609419779343155,19.3973625397706,9.555767711265817,9.990649680993064,10.791721509313982,10.118191734136492,14.663812468295239,17.65175636011358,10.603589553714592,1.6217585313468177,13.34306651875247,16.617295245623055,11.995467740644845,1.6505599955635473,12.342900053379841,10.085624958533623,5.592862310026014,12.2608217779579,15.946402774146732,17.236452433562047,8.195625956534322,8.72276567992324,3.7103463940875763,5.808341945915943,19.220379824532195,8.308280411667774,15.414634872353199,18.8093269356881,10.21494880031702,15.977429424514296,11.46864914062048,7.170268935985633,9.43171072459007,1.6094432118925834,6.197811683139418,3.8280681688589993,12.451411676843675,6.73667222168183,4.142290008521657,21.139543701939097,15.93159290392752,13.601558697630768,10.600433766097542,12.667113926915897,1.671627905089733
1.5045539754437036,10.851893366139898,7.3841625488084,11.920920459497733,7.296026407786224,13.650429800269482,11.2391664485082,7.563052393465332,23.56764295374463,16.66253919632109,19.529336060146434,18.927953553165246,6.398834186257013,13.00290119630519,18.378802960092404,0.5396285585421423,15.71596055891613,12.507475400404084,0.0,11.936389645580014,16.352477907630682,19.15291862204747,3.975988993788033,12.443577214090638,7.917214086845732,6.709094873299559,16.548894475304667,13.897126268883357,17.78336780987014,16.227201526548754,6.117777982546146,18.006100261419256,18.47205824143692,12.159302762483282,10.775853275332775,5.062483254657449,12.707754708086705,1.9101219439264434,17.806466537827593,8.867459079111196,23.588165369934735,7.729613240565052,6.422074713452266,15.868065685567466,11.980066110082056,4.060519863373446,1.7074968776228383,4.7016305934722435,11.38544223883515,12.243018708387456,3.268350910065148,10.814833194899867,10.317105216643888,16.64078849978533,8.112310572820173,11.175062822444074,15.95818700497661,17.060015825172723,6.607224112045977,11.139416301326257,2.3932660617882773,4.993687128754182,17.56101867196397,13.418653226231934,13.912160841830064,13.9072232713217,13.707251884135637,12.781834367258325,10.9419490765499,20.509706356601846,17.81716367528253,7.44908776155479,20.57777167161776,16.37059763627466,17.370002001176925,17.35463036788104,16.45083990552092,13.958645408749948,16.91976503270854,14.142902139986644,4.199406721057882,18.026845969550546,19.021999154731454,14.048106337072458,15.177167065805213,16.395420401832165,12.2709366854772,18.965819134124327,11.327042121891063,17.56722982623964,14.420434440887686,7.010583652651703,6.2154694765535075,11.205241017332982,17.84520906551044,21.56906558325953,1.1366383402072762,1.912754874523489,17.026937235422224,14.032227107811455
11.092657478463362,4.208127947463452,5.04689984889756,1.2312772599703181,4.695093087895383,5.656390467327655,6.226418167052571,7.774221251640164,12.684975924135669,5.777212898707551,10.570153869098679,6.992082131783408,8.079691418195761,6.5026002355430705,9.382984613834637,11.493894411955234,6.764386922601539,11.749158910671875,11.936389645580014,0.0,7.469959988495519,7.842468296842058,9.85338161905037,8.480196136660311,8.149302349525895,6.529184984891297,5.066311594870323,2.2681681302895753,10.571258965319013,15.01447911987681,6.484262276334528,9.08432507376457,9.592406739017147,3.763098581271282,1.1609907148688579,8.71124527714793,9.234231150481905,10.112696956173197,5.915357529122409,7.931898117729633,12.06788400825632,8.85447771211885,8.46057390375072,10.69888486880295,6.504614098088311,9.133359002438718,10.249162192356405,7.4185627688720945,5.599042028983753,2.7867519658114395,9.705905296006216,1.275703985914988,11.66294928265808,7.774719958537151,3.865411519730828,5.177771554548465,7.713982002393113,7.83488928789077,5.379814160392911,1.0595337749337483,10.722309051115232,9.380843304996018,6.409314296450397,2.5268861483933085,11.842326693438793,2.0834509790280795,5.013527041069088,0.8620412735708947,11.464868160587411,10.647330990306566,8.45060053156635,8.266489263144166,10.817235643885054,4.84906580579009,6.076851523902268,9.504186403122173,7.740120366303638,9.58315090472919,11.439356705133097,8.057249482008698,10.266941365476539,6.090542395226541,7.794918219328018,3.5443018179809447,4.343460302479012,5.4888299626879435,4.997401908371079,10.797983130778515,12.108769464106528,12.125698576175273,9.977279422129016,5.533986909025991,8.38686683524102,7.61895447257886,9.39886893528742,10.060703748830022,12.816163417850001,10.902350544252045,5.617953401081702,13.18067448088026
16.100452890893656,5.591660612537721,11.499149113760549,6.391526003066365,10.608106992884482,2.7055072381777054,5.311597739147357,9.234722271400928,7.663742730661326,3.2859451557292862,3.308784854151936,7.91994554682574,14.744926175094347,3.5769914089091857,2.0924021552727163,16.08178173291667,0.7287624884069026,8.878682713436117,16.352477907630682,7.469959988495519,0.0,4.951381621304823,15.780564903133435,15.930500730087044,15.222296561894792,13.108490485864946,9.47163116288877,5.7426723351120375,17.135570269826005,10.432096937204179,12.702197069962551,15.016778643668935,2.2458571591881142,4.529607655781344,7.965197158568569,11.548986544132873,5.987809372978207,14.46908815549295,8.319280716490983,15.186013580285184,8.70609438067192,9.714113494518656,15.15303352517729,4.91954762401724,4.6648890553629005,12.44903359691963,14.725367413968367,12.941640541586487,13.063038278877595,5.027275836394248,15.307295219809308,7.486427182753621,10.357781652051731,14.017599520347474,9.968086401651943,5.180174500335786,14.294132018632371,0.7577052140450115,10.401771394028136,7.236867829310182,14.31861322091371,15.650977800671956,10.84612505527787,4.983249471412319,7.9313766940226,7.673302788610288,12.002691220145492,7.018202825598436,9.705556789557491,4.189482379371141,1.488227945081971,9.570132361622036,4.236029138306073,9.281251501541622,10.395209355283253,2.17664728771092,0.3091964631049064,5.216658274357727,5.114265060313003,15.27711158197815,12.984645459144232,7.554885927273565,11.586211156331505,3.9784201724314556,10.127966425230175,3.3568374094117024,4.091052886453742,3.328130133323457,10.14153702315988,5.618788758778598,5.255501693340661,11.952435849439013,10.556565899204957,6.036181115313051,15.557589293927334,7.05337669037424,17.447499872371967,14.698443081231249,4.505325178873325,9.51332896822851
